function ceq = Aconfile(in1,in2)
%Aconfile
%    CEQ = Aconfile(IN1,IN2)

%    This function was generated by the Symbolic Math Toolbox version 9.1.
%    15-Dec-2023 11:57:25

u1_1 = in1(41,:);
u1_2 = in1(43,:);
u1_3 = in1(45,:);
u1_4 = in1(47,:);
u1_5 = in1(49,:);
u1_6 = in1(51,:);
u1_7 = in1(53,:);
u1_8 = in1(55,:);
u1_9 = in1(57,:);
u2_1 = in1(42,:);
u2_2 = in1(44,:);
u2_3 = in1(46,:);
u2_4 = in1(48,:);
u2_5 = in1(50,:);
u2_6 = in1(52,:);
u2_7 = in1(54,:);
u2_8 = in1(56,:);
u2_9 = in1(58,:);
x1_1 = in1(1,:);
x1_2 = in1(5,:);
x1_3 = in1(9,:);
x1_4 = in1(13,:);
x1_5 = in1(17,:);
x1_6 = in1(21,:);
x1_7 = in1(25,:);
x1_8 = in1(29,:);
x1_9 = in1(33,:);
x2_1 = in1(2,:);
x2_2 = in1(6,:);
x2_3 = in1(10,:);
x2_4 = in1(14,:);
x2_5 = in1(18,:);
x2_6 = in1(22,:);
x2_7 = in1(26,:);
x2_8 = in1(30,:);
x2_9 = in1(34,:);
x3_1 = in1(3,:);
x3_2 = in1(7,:);
x3_3 = in1(11,:);
x3_4 = in1(15,:);
x3_5 = in1(19,:);
x3_6 = in1(23,:);
x3_7 = in1(27,:);
x3_8 = in1(31,:);
x3_9 = in1(35,:);
x4_1 = in1(4,:);
x4_2 = in1(8,:);
x4_3 = in1(12,:);
x4_4 = in1(16,:);
x4_5 = in1(20,:);
x4_6 = in1(24,:);
x4_7 = in1(28,:);
x4_8 = in1(32,:);
x4_9 = in1(36,:);
x1_10 = in1(37,:);
x2_10 = in1(38,:);
x3_10 = in1(39,:);
x4_10 = in1(40,:);
xic1 = in2(1,:);
xic2 = in2(2,:);
xic3 = in2(3,:);
xic4 = in2(4,:);
mt1 = [x1_1-x1_2+x2_1./9.0;u1_1./9.0e+1+x2_1.*(8.9e+1./9.0e+1)-x2_2;x3_1-x3_2+x4_1./9.0;u2_1./9.0e+1+x4_1.*(8.9e+1./9.0e+1)-x4_2;x1_2-x1_3+x2_2./9.0;u1_2./9.0e+1+x2_2.*(8.9e+1./9.0e+1)-x2_3;x3_2-x3_3+x4_2./9.0;u2_2./9.0e+1+x4_2.*(8.9e+1./9.0e+1)-x4_3;x1_3-x1_4+x2_3./9.0;u1_3./9.0e+1+x2_3.*(8.9e+1./9.0e+1)-x2_4;x3_3-x3_4+x4_3./9.0;u2_3./9.0e+1+x4_3.*(8.9e+1./9.0e+1)-x4_4];
mt2 = [x1_4-x1_5+x2_4./9.0;u1_4./9.0e+1+x2_4.*(8.9e+1./9.0e+1)-x2_5;x3_4-x3_5+x4_4./9.0;u2_4./9.0e+1+x4_4.*(8.9e+1./9.0e+1)-x4_5;x1_5-x1_6+x2_5./9.0;u1_5./9.0e+1+x2_5.*(8.9e+1./9.0e+1)-x2_6;x3_5-x3_6+x4_5./9.0;u2_5./9.0e+1+x4_5.*(8.9e+1./9.0e+1)-x4_6;x1_6-x1_7+x2_6./9.0;u1_6./9.0e+1+x2_6.*(8.9e+1./9.0e+1)-x2_7;x3_6-x3_7+x4_6./9.0;u2_6./9.0e+1+x4_6.*(8.9e+1./9.0e+1)-x4_7];
mt3 = [x1_7-x1_8+x2_7./9.0;u1_7./9.0e+1+x2_7.*(8.9e+1./9.0e+1)-x2_8;x3_7-x3_8+x4_7./9.0;u2_7./9.0e+1+x4_7.*(8.9e+1./9.0e+1)-x4_8;x1_8-x1_9+x2_8./9.0;u1_8./9.0e+1+x2_8.*(8.9e+1./9.0e+1)-x2_9;x3_8-x3_9+x4_8./9.0;u2_8./9.0e+1+x4_8.*(8.9e+1./9.0e+1)-x4_9;x1_9+x2_9./9.0-x1_10;u1_9./9.0e+1+x2_9.*(8.9e+1./9.0e+1)-x2_10;x3_9+x4_9./9.0-x3_10;u2_9./9.0e+1+x4_9.*(8.9e+1./9.0e+1)-x4_10];
mt4 = [x1_1-xic1;x2_1-xic2;x3_1-xic3;x4_1-xic4];
ceq = [mt1;mt2;mt3;mt4];
