function f_obj = fobjfile(in1)
%FOBJFILE
%    F_OBJ = FOBJFILE(IN1)

%    This function was generated by the Symbolic Math Toolbox version 9.1.
%    15-Dec-2023 11:57:25

u1_1 = in1(41,:);
u1_2 = in1(43,:);
u1_3 = in1(45,:);
u1_4 = in1(47,:);
u1_5 = in1(49,:);
u1_6 = in1(51,:);
u1_7 = in1(53,:);
u1_8 = in1(55,:);
u1_9 = in1(57,:);
u2_1 = in1(42,:);
u2_2 = in1(44,:);
u2_3 = in1(46,:);
u2_4 = in1(48,:);
u2_5 = in1(50,:);
u2_6 = in1(52,:);
u2_7 = in1(54,:);
u2_8 = in1(56,:);
u2_9 = in1(58,:);
u1_10 = in1(59,:);
u2_10 = in1(60,:);
x1_1 = in1(1,:);
x1_2 = in1(5,:);
x1_3 = in1(9,:);
x1_4 = in1(13,:);
x1_5 = in1(17,:);
x1_6 = in1(21,:);
x1_7 = in1(25,:);
x1_8 = in1(29,:);
x1_9 = in1(33,:);
x3_1 = in1(3,:);
x3_2 = in1(7,:);
x3_3 = in1(11,:);
x3_4 = in1(15,:);
x3_5 = in1(19,:);
x3_6 = in1(23,:);
x3_7 = in1(27,:);
x3_8 = in1(31,:);
x3_9 = in1(35,:);
x1_10 = in1(37,:);
x3_10 = in1(39,:);
mt1 = [x1_1.*2.222222222222222e+2,0.0,x3_1.*2.222222222222222e+2,0.0,x1_2.*2.222222222222222e+2,0.0,x3_2.*2.222222222222222e+2,0.0,x1_3.*2.222222222222222e+2,0.0,x3_3.*2.222222222222222e+2,0.0,x1_4.*2.222222222222222e+2,0.0,x3_4.*2.222222222222222e+2,0.0,x1_5.*2.222222222222222e+2,0.0,x3_5.*2.222222222222222e+2,0.0,x1_6.*2.222222222222222e+2,0.0,x3_6.*2.222222222222222e+2,0.0,x1_7.*2.222222222222222e+2,0.0,x3_7.*2.222222222222222e+2,0.0,x1_8.*2.222222222222222e+2,0.0,x3_8.*2.222222222222222e+2,0.0,x1_9.*2.222222222222222e+2,0.0,x3_9.*2.222222222222222e+2,0.0,x1_10.*2.222222222222222e+2,0.0,x3_10.*2.222222222222222e+2,0.0];
mt2 = [u1_1.*(2.0./9.0),u2_1.*(2.0./9.0),u1_2.*(2.0./9.0),u2_2.*(2.0./9.0),u1_3.*(2.0./9.0),u2_3.*(2.0./9.0),u1_4.*(2.0./9.0),u2_4.*(2.0./9.0),u1_5.*(2.0./9.0),u2_5.*(2.0./9.0),u1_6.*(2.0./9.0),u2_6.*(2.0./9.0),u1_7.*(2.0./9.0),u2_7.*(2.0./9.0),u1_8.*(2.0./9.0),u2_8.*(2.0./9.0),u1_9.*(2.0./9.0),u2_9.*(2.0./9.0),u1_10.*(2.0./9.0),u2_10.*(2.0./9.0)];
f_obj = [mt1,mt2];
